599 262 1425 262 1426 784 598 784 
598 261 1425 262 1426 784 598 784 
598 261 1425 262 1426 784 599 783 
598 261 1425 262 1426 784 599 783 
598 261 1425 262 1426 784 599 783 
598 261 1425 262 1425 783 599 783 
598 261 1425 262 1425 783 599 783 
598 261 1425 262 1425 783 599 783 
598 261 1425 262 1425 783 599 783 
598 261 1425 262 1425 783 599 783 
598 261 1425 262 1425 783 598 783 
598 261 1425 262 1425 783 598 783 
598 261 1425 262 1425 783 598 783 
597 261 1425 262 1425 783 598 783 
597 261 1425 262 1425 783 598 783 
597 261 1425 262 1425 783 598 783 
597 261 1425 262 1425 783 598 783 
597 261 1424 262 1424 783 598 783 
597 261 1424 262 1424 783 598 783 
597 261 1424 262 1424 783 597 783 
596 261 1424 262 1424 783 597 783 
596 261 1424 261 1424 783 597 783 
596 261 1424 261 1424 783 597 783 
596 261 1424 261 1424 783 596 783 
596 261 1424 261 1424 783 596 783 
595 261 1423 261 1423 783 596 783 
595 261 1423 261 1423 783 596 783 
595 261 1423 261 1423 783 595 783 
595 261 1423 261 1423 783 595 783 
594 261 1423 261 1422 783 595 783 
594 261 1422 261 1422 783 594 783 
594 261 1422 261 1422 783 594 783 
593 261 1422 261 1422 783 594 783 
593 261 1421 261 1421 783 594 783 
593 261 1421 261 1421 783 593 783 
593 261 1421 261 1421 783 593 783 
592 261 1421 261 1421 783 593 783 
592 261 1420 261 1420 783 593 783 
592 261 1420 261 1420 783 592 783 
591 261 1420 261 1420 783 592 783 
591 261 1420 261 1419 783 592 783 
591 261 1419 261 1419 783 591 783 
590 261 1419 261 1419 783 591 783 
590 261 1419 261 1418 783 591 783 
590 261 1418 261 1418 783 590 783 
589 261 1418 261 1418 783 590 783 
589 261 1417 261 1417 783 589 783 
588 261 1417 261 1417 783 589 783 
588 261 1417 261 1417 783 589 783 
588 261 1416 261 1416 783 588 783 
587 261 1416 261 1416 783 588 783 
587 261 1415 261 1415 783 587 783 
586 261 1415 261 1415 783 587 783 
586 261 1415 261 1415 783 587 783 
585 261 1414 261 1414 783 586 783 
585 261 1414 261 1414 783 586 783 
585 261 1413 261 1413 783 585 783 
584 261 1413 261 1413 783 584 783 
584 261 1413 261 1412 783 584 783 
583 261 1412 261 1412 783 584 783 
583 261 1412 261 1412 783 583 783 
582 261 1411 261 1411 783 583 783 
582 261 1411 261 1411 783 582 783 
581 261 1410 261 1410 783 582 783 
581 261 1410 261 1410 783 581 783 
580 261 1409 261 1409 783 581 783 
580 261 1409 261 1409 783 580 783 
579 261 1408 261 1408 783 580 783 
579 261 1408 261 1408 783 579 783 
578 261 1407 261 1407 783 579 783 
577 261 1407 261 1407 783 578 783 
577 261 1406 261 1406 783 578 783 
576 261 1406 261 1406 783 577 783 
576 261 1405 261 1405 783 576 783 
575 261 1405 261 1405 783 576 783 
575 261 1404 261 1404 783 575 783 
574 261 1403 261 1403 783 575 783 
574 261 1403 261 1403 783 574 783 
573 261 1402 261 1402 783 573 783 
572 261 1402 261 1402 783 573 783 
572 261 1401 261 1401 783 572 783 
571 261 1401 261 1401 783 572 783 
571 261 1400 261 1400 783 571 783 
570 261 1400 261 1400 783 571 783 
569 261 1399 261 1399 783 570 783 
569 261 1398 261 1398 783 569 783 
568 261 1398 261 1398 783 569 783 
568 261 1397 261 1397 783 568 783 
567 261 1396 261 1396 783 567 783 
566 261 1396 261 1396 784 567 783 
565 261 1395 261 1395 783 566 783 
565 261 1395 261 1395 784 565 783 
564 261 1394 261 1394 784 565 783 
563 261 1393 261 1393 783 564 783 
563 261 1393 261 1393 784 563 783 
562 261 1392 260 1392 784 563 783 
561 260 1391 261 1392 784 562 783 
561 261 1391 260 1391 784 561 783 
560 261 1390 261 1390 784 561 783 
559 260 1389 261 1390 784 560 783 
559 261 1389 260 1389 784 559 783 
558 260 1388 260 1388 784 558 784 
557 260 1388 260 1388 784 558 783 
556 260 1387 260 1387 784 557 783 
556 260 1386 260 1386 784 556 783 
555 260 1385 260 1385 784 556 783 
554 260 1385 260 1385 784 555 783 
553 260 1384 260 1384 784 554 783 
553 260 1383 260 1383 784 553 784 
552 260 1383 260 1383 784 553 783 
551 260 1382 260 1382 784 552 783 
550 260 1381 260 1381 784 551 784 
550 260 1380 260 1380 784 550 784 
549 260 1380 260 1380 784 549 784 
548 260 1379 260 1379 784 549 783 
547 260 1378 260 1378 784 548 784 
546 260 1378 260 1378 784 547 784 
546 260 1377 260 1377 784 546 784 
545 260 1376 260 1376 784 545 784 
544 260 1375 260 1375 784 545 784 
543 260 1375 260 1375 784 544 784 
543 260 1374 260 1374 784 543 784 
542 260 1373 260 1373 784 542 784 
541 260 1372 260 1372 784 541 784 
540 260 1372 260 1372 784 541 784 
539 260 1371 260 1371 784 540 784 
538 260 1370 260 1370 784 539 784 
538 260 1369 260 1369 784 538 784 
537 260 1369 260 1369 784 537 784 
536 260 1368 260 1368 784 536 784 
535 260 1367 260 1367 784 535 784 
534 260 1366 260 1366 784 535 784 
533 260 1365 260 1365 784 534 784 
533 260 1365 260 1365 784 533 784 
532 260 1364 260 1364 784 532 784 
531 260 1363 260 1363 784 531 784 
530 260 1362 260 1362 784 530 784 
529 260 1361 260 1361 784 530 784 
528 260 1360 260 1360 784 529 784 
527 260 1359 260 1360 784 528 784 
527 260 1359 260 1359 784 527 784 
526 260 1358 260 1358 784 526 784 
525 260 1357 260 1357 784 525 784 
524 260 1356 260 1356 784 525 784 
523 260 1355 260 1356 784 524 784 
522 260 1355 260 1355 784 523 784 
521 259 1354 260 1354 784 522 784 
520 259 1353 260 1353 784 521 784 
520 260 1352 260 1352 784 520 784 
519 260 1351 260 1351 784 519 784 
518 260 1351 259 1351 784 518 784 
517 260 1350 259 1350 784 517 784 
516 259 1349 259 1349 784 517 784 
515 259 1348 259 1348 784 516 784 
514 259 1347 260 1347 784 515 784 
513 259 1346 260 1346 784 514 784 
512 259 1346 259 1345 784 513 784 
512 259 1345 259 1345 784 512 784 
511 259 1344 259 1344 785 511 784 
510 259 1343 259 1343 785 510 784 
509 259 1342 259 1342 784 509 784 
508 259 1341 259 1341 785 508 784 
507 259 1340 259 1340 784 507 784 
506 259 1340 259 1340 785 507 784 
505 259 1339 259 1339 785 506 784 
504 259 1338 259 1338 785 505 784 
503 259 1337 259 1337 785 504 784 
502 259 1336 259 1336 785 503 784 
501 259 1335 259 1335 785 502 784 
500 259 1334 259 1334 785 501 784 
499 259 1333 259 1333 785 500 784 
498 259 1332 259 1332 785 499 784 
498 259 1332 259 1332 785 498 784 
497 259 1331 259 1331 785 497 784 
496 259 1330 259 1330 785 496 785 
495 259 1329 259 1329 785 495 785 
494 259 1328 259 1328 785 494 785 
493 259 1327 259 1327 785 493 785 
492 259 1326 259 1326 785 492 785 
491 259 1325 259 1325 785 491 785 
490 259 1324 259 1325 785 491 784 
489 259 1324 259 1324 785 490 785 
488 259 1323 259 1323 785 488 785 
487 259 1322 259 1322 785 488 785 
486 259 1321 259 1321 785 487 784 
485 259 1320 259 1320 785 486 785 
484 259 1319 259 1319 785 485 785 
483 259 1318 259 1318 785 484 785 
482 259 1317 259 1317 785 483 785 
482 259 1316 259 1316 785 482 785 
481 259 1316 259 1316 785 481 785 
480 259 1315 259 1315 785 480 785 
479 259 1314 259 1314 785 479 785 
478 259 1313 259 1313 785 478 785 
477 259 1312 259 1312 785 477 785 
476 259 1311 259 1311 785 476 785 
475 259 1310 259 1310 785 475 785 
474 259 1309 259 1309 785 474 785 
473 259 1308 259 1308 785 473 785 
472 259 1307 259 1308 785 472 785 
471 259 1307 259 1307 785 471 785 
470 259 1306 259 1306 785 470 785 
469 259 1305 259 1305 785 469 785 
468 259 1304 259 1304 785 469 785 
467 259 1303 259 1303 785 468 785 
466 258 1302 259 1302 785 467 785 
465 258 1301 259 1301 785 466 785 
464 258 1300 259 1300 785 465 785 
463 258 1299 259 1299 785 464 785 
462 258 1299 258 1298 785 463 785 
461 258 1298 258 1298 785 462 785 
460 258 1297 258 1297 785 461 785 
459 258 1296 258 1296 786 460 785 
459 258 1295 258 1295 785 459 785 
458 258 1294 258 1294 785 458 785 
457 258 1293 258 1293 785 457 785 
456 258 1292 258 1292 785 456 785 
455 258 1291 258 1291 785 455 785 
454 258 1290 258 1290 785 454 785 
453 258 1289 258 1289 786 453 785 
452 258 1288 258 1289 786 452 785 
451 258 1288 258 1288 786 451 785 
450 258 1287 258 1287 786 450 785 
449 258 1286 258 1286 786 450 785 
448 258 1285 258 1285 786 448 785 
447 258 1284 258 1284 786 448 785 
446 258 1283 258 1283 786 447 785 
445 258 1282 258 1282 786 446 785 
444 258 1281 258 1281 786 445 785 
443 258 1281 258 1281 786 444 785 
442 258 1280 258 1280 786 443 785 
441 258 1279 258 1279 786 442 785 
441 258 1278 258 1278 786 441 785 
440 258 1277 258 1277 786 440 785 
439 258 1276 258 1276 786 439 786 
438 258 1275 258 1275 786 438 785 
437 258 1274 258 1274 786 437 786 
436 258 1274 258 1274 786 436 786 
435 258 1273 258 1273 786 435 786 
434 258 1272 258 1272 786 434 786 
433 258 1271 258 1271 786 433 786 
432 258 1270 258 1270 786 432 786 
431 258 1269 258 1269 786 431 786 
430 258 1268 258 1268 786 430 786 
429 258 1267 258 1267 786 429 786 
428 258 1267 258 1267 786 429 786 
427 258 1266 258 1266 786 428 786 
427 258 1265 258 1265 786 427 786 
426 258 1264 258 1264 786 426 786 
425 258 1263 258 1263 786 425 786 
424 258 1262 258 1262 786 424 786 
423 258 1261 258 1261 786 423 786 
422 257 1261 257 1261 786 422 786 
421 257 1260 257 1260 786 421 786 
420 257 1259 257 1259 786 421 786 
419 257 1258 257 1258 786 420 786 
418 257 1257 257 1257 786 419 786 
417 257 1257 257 1256 786 418 786 
417 258 1256 257 1256 786 417 786 
416 257 1255 257 1255 786 416 786 
415 257 1254 257 1254 786 415 786 
414 257 1253 257 1253 786 414 786 
413 257 1252 257 1252 786 414 786 
412 257 1252 257 1251 786 413 786 
411 257 1251 257 1251 786 412 786 
410 257 1250 257 1250 786 411 786 
409 257 1249 257 1249 786 410 786 
409 257 1248 257 1248 786 409 786 
408 257 1248 257 1247 786 408 786 
407 257 1247 257 1247 786 407 786 
406 257 1246 257 1246 786 407 786 
405 257 1245 257 1245 786 406 786 
404 257 1244 257 1244 786 405 786 
404 257 1244 257 1244 787 404 786 
403 257 1243 257 1243 787 403 786 
402 257 1242 257 1242 786 402 786 
401 257 1241 257 1241 786 401 786 
400 257 1241 257 1241 787 401 786 
399 257 1240 257 1240 787 400 786 
399 257 1239 257 1239 787 399 786 
398 257 1238 257 1238 787 398 786 
397 257 1237 257 1237 787 398 786 
396 257 1236 257 1237 787 397 786 
395 257 1236 257 1236 787 396 786 
394 257 1235 257 1235 787 395 786 
394 257 1234 257 1234 787 394 786 
393 257 1233 257 1234 787 394 786 
392 257 1233 257 1233 787 393 786 
391 257 1232 257 1232 787 392 786 
391 257 1231 257 1231 787 391 786 
390 257 1230 257 1231 787 390 787 
389 257 1230 257 1230 787 390 786 
388 257 1229 257 1229 787 389 786 
388 257 1228 257 1228 787 388 787 
387 257 1228 257 1228 787 388 786 
386 257 1227 257 1227 787 387 786 
385 257 1226 257 1226 787 386 787 
385 257 1226 257 1226 787 385 787 
384 257 1225 257 1225 787 384 257 
383 257 1224 257 1224 787 383 787 
382 257 1224 257 1224 787 383 787 
382 257 1223 257 1223 787 382 787 
381 257 1222 257 1222 787 381 787 
380 257 1222 257 1222 787 381 787 
380 257 1221 257 1221 787 380 787 
379 257 1220 257 1220 787 379 257 
378 257 1219 257 1220 787 378 787 
378 257 1219 257 1219 787 378 257 
377 257 1218 257 1218 787 377 787 
376 257 1218 257 1218 787 376 787 
375 257 1217 257 1217 787 375 257 
375 257 1216 257 1216 787 375 787 
374 257 1216 257 1216 787 374 787 
373 257 1215 257 1215 787 373 257 
373 257 1214 257 1215 787 373 787 
372 257 1214 256 1214 787 372 787 
371 257 1213 257 1213 787 372 787 
371 257 1213 257 1213 787 371 787 
370 257 1212 257 1212 787 370 257 
370 257 1212 256 1212 787 370 787 
369 257 1211 256 1211 787 369 787 
368 256 1210 256 1210 787 368 256 
368 257 1210 256 1210 787 368 787 
367 256 1209 256 1209 787 367 256 
366 256 1209 256 1209 787 366 256 
366 256 1208 256 1208 787 366 256 
365 256 1208 256 1208 787 365 256 
365 256 1207 256 1207 787 365 256 
364 256 1207 256 1207 787 365 787 
363 256 1206 256 1206 787 363 256 
363 256 1206 256 1206 787 364 787 
362 256 1205 256 1205 787 363 787 
362 256 1205 256 1204 787 362 787 
361 256 1204 256 1204 787 361 256 
361 256 1204 256 1204 787 361 787 
360 256 1203 256 1203 787 360 256 
360 256 1203 256 1203 787 360 787 
359 256 1202 256 1202 787 360 787 
359 256 1202 256 1202 787 359 787 
358 256 1201 256 1201 787 358 256 
358 256 1201 256 1201 787 358 787 
357 256 1200 256 1200 787 358 787 
357 256 1200 256 1200 787 357 787 
356 256 1199 256 1199 787 357 787 
356 256 1199 256 1199 787 356 787 
355 256 1198 256 1198 787 355 256 
355 256 1198 256 1198 787 356 787 
354 256 1198 256 1197 787 355 787 
354 256 1197 256 1197 787 354 256 
353 256 1197 256 1197 787 354 787 
353 256 1196 256 1196 787 353 256 
353 256 1196 256 1196 787 353 787 
352 256 1195 256 1195 787 353 787 
352 256 1195 256 1195 787 352 256 
351 256 1195 256 1195 787 352 787 
351 256 1194 256 1194 787 351 787 
351 256 1194 256 1194 787 351 787 
350 256 1194 256 1194 787 351 787 
350 256 1193 256 1193 787 350 256 
350 256 1193 256 1193 787 350 787 
349 256 1193 256 1193 788 350 787 
349 256 1192 256 1192 787 349 256 
348 256 1192 256 1192 787 349 787 
348 256 1192 256 1192 788 349 787 
348 256 1191 256 1191 787 348 256 
348 256 1191 256 1191 787 348 787 
347 256 1191 256 1191 787 348 787 
347 256 1190 256 1190 787 347 256 
347 256 1190 256 1190 787 347 256 
346 256 1190 256 1190 787 347 787 
346 256 1190 256 1190 787 347 787 
346 256 1190 256 1189 787 346 787 
346 256 1189 256 1189 787 346 787 
345 256 1189 256 1189 787 345 256 
345 256 1189 256 1189 787 346 787 
345 256 1188 256 1188 787 345 256 
345 256 1188 256 1188 787 345 787 
344 256 1188 256 1188 787 345 787 
344 256 1188 256 1188 787 344 256 
344 256 1188 256 1188 788 344 787 
344 256 1188 256 1188 788 344 256 
344 256 1188 256 1188 788 344 787 
344 256 1187 256 1187 788 344 787 
344 256 1187 256 1187 788 344 787 
343 256 1187 256 1187 788 343 256 
343 256 1187 256 1187 788 344 787 
343 256 1187 256 1187 788 344 787 
343 256 1187 256 1187 788 343 788 
343 256 1186 256 1186 788 343 788 
343 256 1186 256 1186 788 343 788 
343 256 1186 256 1186 788 343 787 
343 256 1186 256 1186 788 343 787 
343 256 1186 256 1186 788 343 787 
342 256 1186 256 1186 788 343 787 
342 256 1186 256 1186 788 342 256 
342 256 1186 256 1186 788 343 787 
342 256 1186 256 1186 788 343 787 
342 256 1186 256 1186 788 342 256 
342 256 1186 256 1186 788 342 256 
342 256 1186 256 1186 788 342 787 
