1524 307 1524 307 1538 905 1458 873 
1480 322 1797 324 1797 887 1480 889 
1480 322 1797 324 1797 887 1480 889 
1480 322 1797 324 1797 888 1480 889 
1480 322 1797 324 1797 888 1480 889 
1480 322 1797 324 1798 889 1480 889 
1480 322 1797 324 1798 889 1480 889 
1480 322 1798 322 1798 889 1480 889 
1480 322 1798 322 1798 889 1480 889 
1480 322 1798 322 1798 889 1480 889 
1480 322 1798 322 1798 889 1480 889 
1480 322 1798 322 1798 889 1480 889 
1480 322 1798 322 1798 889 1480 889 
1480 322 1798 322 1798 889 1479 889 
1479 321 1798 322 1798 889 1479 889 
1479 321 1798 322 1798 889 1479 890 
1479 321 1798 322 1798 889 1479 890 
1479 321 1798 322 1798 889 1479 890 
1479 321 1798 322 1798 889 1479 890 
1479 321 1798 322 1798 889 1479 890 
1479 321 1798 322 1798 890 1479 890 
1479 321 1797 322 1798 890 1479 890 
1478 321 1797 322 1798 890 1478 890 
1478 321 1797 322 1798 890 1478 890 
1478 321 1797 321 1797 890 1478 891 
1478 321 1797 321 1797 890 1478 891 
1478 321 1797 321 1797 890 1478 891 
1478 321 1797 321 1797 891 1477 891 
1477 320 1797 321 1797 891 1477 891 
1477 320 1797 321 1797 891 1477 891 
1477 320 1797 321 1797 891 1477 892 
1477 320 1797 320 1797 891 1477 892 
1476 320 1797 320 1797 892 1476 892 
1476 320 1797 320 1797 892 1476 892 
1476 320 1797 320 1797 892 1476 892 
1476 320 1797 320 1797 893 1475 893 
1475 319 1797 320 1797 893 1475 893 
1475 319 1797 320 1797 893 1475 893 
1474 319 1796 320 1797 893 1475 893 
1474 319 1796 319 1796 893 1474 894 
1474 319 1796 319 1796 893 1474 894 
1473 319 1796 319 1796 894 1473 894 
1473 319 1796 319 1796 894 1473 894 
1473 319 1796 319 1796 895 1473 895 
1472 318 1796 318 1796 895 1472 895 
1472 318 1796 318 1796 895 1472 895 
1471 318 1795 318 1795 895 1471 896 
1471 318 1795 318 1795 896 1471 896 
1470 317 1795 318 1795 896 1470 896 
1470 317 1795 318 1795 896 1470 896 
1469 317 1795 317 1795 896 1469 897 
1469 317 1795 317 1795 897 1469 897 
1469 317 1794 317 1794 897 1469 897 
1468 316 1794 317 1794 897 1468 898 
1468 316 1794 316 1794 898 1468 898 
1467 316 1794 316 1793 898 1467 898 
1466 316 1793 316 1793 898 1466 899 
1466 316 1793 316 1793 899 1466 899 
1465 315 1793 316 1793 899 1465 899 
1465 315 1792 316 1792 899 1465 900 
1464 315 1792 315 1792 900 1464 900 
1463 315 1792 315 1792 900 1464 900 
1463 315 1791 315 1791 900 1463 901 
1462 314 1791 315 1791 901 1462 901 
1462 314 1791 314 1791 901 1462 901 
1461 314 1791 314 1790 901 1461 902 
1460 314 1790 314 1790 902 1460 902 
1459 313 1790 314 1790 902 1459 903 
1459 313 1789 314 1789 903 1459 903 
1458 313 1789 313 1789 903 1458 903 
1457 313 1789 313 1788 903 1457 904 
1456 312 1788 313 1788 904 1456 904 
1455 312 1788 313 1788 904 1456 904 
1455 312 1787 312 1787 905 1455 905 
1454 312 1787 312 1787 905 1454 905 
1453 312 1786 312 1786 905 1453 906 
1452 311 1786 311 1786 906 1452 906 
1451 311 1785 311 1785 906 1451 907 
1450 311 1784 311 1785 907 1451 907 
1450 311 1784 311 1784 907 1450 907 
1449 310 1784 310 1783 907 1449 908 
1448 310 1783 310 1783 908 1448 908 
1447 310 1782 310 1782 908 1447 909 
1446 309 1782 310 1782 909 1446 909 
1445 309 1781 309 1781 909 1445 909 
1444 309 1780 309 1780 909 1444 910 
1443 309 1780 309 1780 910 1443 910 
1442 308 1779 309 1779 910 1442 911 
1441 308 1779 308 1779 911 1441 911 
1439 308 1778 308 1778 911 1439 912 
1438 307 1777 308 1777 912 1438 912 
1437 307 1776 308 1776 912 1437 912 
1436 307 1775 307 1775 912 1436 913 
1435 307 1775 307 1775 913 1435 913 
1434 307 1774 307 1774 913 1434 914 
1432 306 1773 307 1773 914 1432 914 
1431 306 1772 306 1772 914 1432 914 
1430 306 1771 306 1771 915 1430 915 
1429 305 1770 306 1770 915 1429 915 
1427 305 1770 305 1770 916 1428 916 
1426 305 1769 305 1768 916 1426 916 
1425 305 1768 305 1768 917 1425 917 
1423 304 1767 305 1767 917 1423 917 
1422 304 1766 304 1766 917 1422 918 
1421 304 1765 304 1765 918 1421 918 
1419 303 1764 304 1764 918 1419 918 
1418 303 1763 304 1763 919 1418 919 
1416 303 1762 303 1762 919 1416 919 
1415 303 1761 303 1760 919 1415 920 
1413 302 1759 303 1760 920 1413 920 
1412 302 1758 303 1758 920 1412 921 
1410 302 1757 302 1757 921 1410 921 
1409 302 1756 302 1756 921 1409 921 
1407 301 1755 302 1755 922 1407 922 
1405 301 1754 301 1754 922 1406 922 
1404 301 1752 301 1752 922 1404 923 
1402 301 1751 301 1751 923 1402 923 
1400 300 1750 301 1750 923 1400 924 
1399 300 1749 300 1748 924 1399 924 
1397 300 1747 300 1747 924 1397 925 
1395 299 1746 300 1746 925 1395 925 
1393 299 1744 300 1744 925 1393 925 
1392 299 1743 299 1743 925 1392 926 
1390 299 1742 299 1742 926 1390 926 
1388 298 1740 299 1740 926 1388 927 
1386 298 1739 298 1739 927 1386 927 
1384 298 1737 298 1737 927 1384 927 
1383 298 1736 298 1736 928 1383 928 
1380 297 1734 298 1735 928 1381 928 
1378 297 1733 297 1733 928 1378 929 
1377 297 1731 297 1731 929 1377 929 
1375 297 1730 297 1730 930 1375 930 
1373 296 1728 297 1728 930 1373 930 
1371 296 1727 296 1726 930 1371 931 
1369 296 1725 296 1725 931 1369 931 
1367 295 1723 296 1723 931 1367 931 
1365 295 1722 295 1721 931 1365 932 
1363 295 1720 295 1720 932 1363 932 
1361 295 1718 295 1718 932 1361 933 
1359 295 1716 295 1716 933 1359 933 
1356 294 1714 295 1714 933 1356 933 
1354 294 1713 294 1713 934 1354 934 
1352 294 1711 294 1711 934 1352 934 
1350 293 1709 294 1709 934 1350 935 
1348 293 1707 294 1707 935 1348 935 
1345 293 1705 293 1705 935 1345 935 
1343 293 1703 293 1703 935 1343 936 
1341 293 1701 293 1701 936 1341 936 
1339 292 1699 293 1699 936 1339 936 
1337 292 1698 292 1697 936 1336 937 
1334 292 1695 292 1695 937 1334 937 
1332 292 1693 292 1693 937 1332 937 
1329 291 1692 292 1691 937 1329 938 
1327 291 1689 292 1689 938 1327 938 
1325 291 1687 291 1687 938 1325 938 
1322 291 1685 291 1685 938 1322 939 
1320 291 1683 291 1683 939 1320 939 
1318 291 1681 291 1681 939 1318 939 
1315 290 1679 291 1679 940 1315 940 
1312 290 1677 290 1677 940 1312 940 
1310 290 1675 290 1675 940 1310 940 
1307 290 1672 290 1672 940 1307 941 
1305 289 1670 290 1670 941 1305 941 
1302 289 1668 290 1668 941 1303 941 
1300 289 1666 289 1666 941 1300 941 
1297 289 1664 289 1664 941 1297 942 
1295 289 1661 289 1661 942 1295 942 
1292 288 1659 289 1659 942 1292 942 
1290 288 1657 289 1657 942 1290 942 
1287 288 1655 288 1654 942 1287 943 
1285 288 1652 288 1652 943 1285 943 
1282 288 1650 288 1650 943 1282 943 
1279 288 1647 288 1647 943 1279 944 
1277 287 1645 288 1645 944 1277 944 
1274 287 1643 288 1643 944 1274 944 
1271 287 1640 287 1640 944 1272 944 
1269 287 1638 287 1638 944 1269 945 
1266 287 1636 287 1636 945 1266 945 
1264 287 1633 287 1633 945 1264 945 
1261 287 1631 287 1631 945 1261 945 
1258 287 1628 287 1628 945 1259 945 
1256 286 1626 287 1626 945 1256 946 
1253 286 1623 287 1623 946 1253 946 
1250 286 1621 286 1621 946 1250 946 
1248 286 1618 286 1618 946 1248 946 
1245 286 1616 286 1616 946 1245 946 
1242 286 1613 286 1613 946 1242 947 
1240 286 1611 286 1611 947 1240 947 
1237 285 1608 286 1608 947 1237 947 
1234 285 1606 286 1606 947 1234 947 
1231 285 1603 286 1603 947 1232 947 
1229 285 1601 285 1600 947 1229 948 
1226 285 1598 285 1598 948 1226 948 
1223 285 1595 285 1595 948 1223 948 
1221 285 1593 285 1593 948 1221 948 
1218 285 1590 285 1590 948 1218 948 
1215 285 1588 285 1588 948 1215 948 
1213 285 1585 285 1585 948 1213 948 
1210 285 1582 285 1582 948 1210 949 
1207 284 1580 285 1580 949 1207 949 
1204 284 1577 285 1577 949 1204 949 
1202 284 1575 284 1575 949 1202 949 
1199 284 1572 284 1572 949 1199 949 
1196 284 1569 285 1569 949 1196 949 
1193 284 1567 284 1567 949 1194 949 
1191 284 1565 284 1564 949 1191 949 
1188 284 1562 284 1562 949 1188 949 
1185 284 1559 284 1559 949 1186 949 
1183 284 1557 284 1557 949 1183 950 
1180 284 1554 284 1554 950 1180 950 
1177 284 1551 284 1551 950 1177 950 
1175 284 1549 284 1549 950 1175 950 
1172 284 1546 284 1546 950 1172 950 
1170 284 1544 284 1544 950 1170 950 
1167 284 1541 284 1541 950 1167 950 
1164 284 1538 284 1539 950 1164 950 
1162 284 1536 284 1536 950 1162 950 
1159 284 1533 284 1533 950 1159 950 
1156 283 1531 284 1531 950 1156 950 
1154 284 1528 284 1528 950 1154 950 
1151 283 1525 284 1526 950 1151 950 
1149 283 1523 284 1523 950 1149 950 
1146 283 1520 284 1520 950 1146 950 
1143 283 1518 284 1518 950 1144 950 
1141 283 1515 284 1515 950 1141 950 
1138 283 1513 284 1513 950 1139 950 
1136 283 1510 284 1510 950 1136 950 
1133 283 1508 284 1508 950 1134 950 
1131 283 1505 284 1505 950 1131 950 
1129 284 1503 284 1503 950 1129 950 
1126 283 1500 284 1500 950 1126 950 
1124 284 1498 284 1498 950 1124 950 
1121 283 1495 284 1495 950 1122 950 
1119 284 1493 284 1493 950 1119 950 
1117 284 1490 284 1490 950 1117 950 
1114 284 1488 284 1488 950 1114 950 
1112 284 1485 284 1486 950 1112 950 
1109 284 1484 284 1483 950 1110 950 
1107 284 1481 284 1481 950 1107 950 
1105 284 1479 284 1479 950 1105 950 
1102 284 1476 284 1476 950 1103 950 
1100 284 1474 284 1474 950 1100 950 
1098 284 1472 284 1472 950 1098 950 
1096 284 1469 284 1469 950 1096 950 
1093 284 1467 284 1467 950 1093 950 
1091 284 1465 284 1465 950 1091 950 
1089 284 1463 284 1462 949 1089 950 
1087 284 1460 284 1460 949 1087 950 
1085 284 1458 284 1458 949 1085 949 
1082 284 1456 284 1456 949 1083 949 
1080 284 1454 284 1453 949 1080 949 
1078 284 1451 284 1451 949 1078 949 
1076 284 1449 285 1449 949 1076 949 
1074 284 1447 284 1447 949 1074 949 
1072 284 1445 285 1445 949 1072 949 
1070 284 1443 284 1443 949 1070 949 
1068 284 1441 285 1441 949 1068 949 
1066 284 1439 285 1439 949 1066 949 
1064 285 1436 285 1437 949 1064 949 
1062 284 1434 285 1434 948 1062 949 
1060 285 1432 285 1432 948 1060 948 
1058 285 1431 285 1431 948 1058 948 
1056 285 1429 285 1429 948 1056 948 
1054 285 1427 285 1427 948 1054 948 
1052 285 1425 285 1425 948 1053 948 
1051 285 1423 285 1423 948 1051 948 
1049 285 1421 285 1421 948 1049 948 
1047 285 1419 285 1419 948 1047 948 
1045 285 1417 285 1417 948 1045 948 
1043 285 1415 285 1415 947 1043 948 
1042 285 1413 285 1413 947 1042 947 
1040 285 1412 285 1412 947 1040 947 
1038 285 1410 285 1410 947 1038 947 
1037 285 1408 285 1408 947 1037 947 
1035 285 1406 286 1406 947 1035 947 
1033 285 1404 286 1405 947 1034 947 
1032 286 1403 286 1403 947 1032 947 
1030 286 1401 286 1401 947 1030 947 
1029 286 1399 286 1400 947 1029 947 
1027 286 1398 286 1398 947 1027 947 
1026 286 1396 286 1396 946 1026 947 
1024 286 1395 286 1395 946 1025 946 
1023 286 1393 286 1393 946 1023 946 
1022 286 1392 286 1392 946 1022 946 
1020 286 1390 286 1390 946 1021 946 
1019 286 1389 286 1389 946 1019 946 
1018 286 1388 286 1388 946 1018 946 
1016 286 1386 287 1386 945 1017 946 
1015 286 1385 287 1385 945 1015 946 
1014 287 1383 287 1383 945 1014 945 
1013 287 1382 287 1382 945 1013 945 
1012 287 1381 287 1381 945 1012 945 
1010 287 1380 287 1380 945 1010 945 
1009 287 1379 287 1379 945 1009 945 
1008 287 1377 287 1377 945 1008 945 
1007 287 1376 287 1376 945 1007 945 
1006 287 1375 287 1375 945 1006 945 
1005 287 1374 287 1374 944 1005 945 
1004 287 1373 287 1373 944 1004 945 
1003 287 1372 287 1372 944 1003 945 
1002 287 1371 287 1371 944 1002 944 
1001 287 1370 287 1370 944 1001 944 
1000 287 1369 287 1369 944 1000 944 
999 287 1368 287 1368 944 999 944 
998 287 1367 288 1367 944 998 944 
997 287 1366 288 1366 944 998 944 
997 288 1365 288 1365 944 997 944 
996 287 1364 288 1364 944 996 944 
995 287 1363 288 1363 944 995 944 
994 287 1362 288 1362 943 994 944 
994 288 1362 288 1362 944 994 944 
993 288 1361 288 1361 943 993 944 
992 288 1360 288 1360 943 992 944 
992 288 1360 288 1359 943 992 943 
991 288 1359 288 1359 943 991 943 
991 288 1358 288 1358 943 991 943 
990 288 1358 288 1358 943 990 943 
990 288 1357 288 1357 943 990 943 
989 288 1357 288 1357 943 989 943 
989 288 1356 288 1356 943 989 943 
988 288 1356 288 1356 943 989 943 
988 288 1355 288 1355 943 988 943 
988 288 1355 288 1355 943 988 943 
987 288 1355 288 1355 943 987 943 
987 288 1354 288 1354 943 987 943 
987 288 1354 288 1354 943 987 943 
987 288 1354 288 1354 943 987 943 
986 288 1354 288 1354 943 987 943 
986 288 1353 288 1353 942 986 943 
986 288 1353 288 1353 943 986 943 
985 288 1353 288 1353 943 985 943 
985 288 1353 288 1353 943 985 943 
985 288 1353 288 1353 943 985 943 
985 288 1353 288 1353 943 985 943 
